$ANSIBLE_VAULT;1.1;AES256
66323831333364376462636136643037666232303032633535373564303532653162303337623263
3465396531613261613463376433366139313163373964380a656334386238613833393964653864
62363433643536613164666332306462323331383065656164663665653563323130623635616664
3033396266343965330a623035396261656436313261333830333837306265323631336466626130
63653762623136333063613232336337646435616637373862646265653466343461316464626565
32363736343131663066356239336662616334323665323133663039316139373834383032663839
31373565373230366238373664643261363866633336356434323336653336336535306565323432
31623735633532613161633934306334613964303330323839373962633537333239663236383762
66373439656530323638363439383064393135333436383966373661646536313033326261396466
33376561326633316335663731663063663839633136383930623830643763666366346636393163
32363865373231653633643661373063326234363063373863623664333737616361343633393735
38386139383432353135636166383365326361376666396366646464623235396237326433373738
30306533363164666236323330643835333734333836646437636437623039343462346231643936
63313664623236316635303265323461353434383639666430336335393635656566663230386662
62633435666439633964376133643836383635333465656132353739353461323864306561396635
36643134303261623238333465323138633733663433633765393832323233333662383838326230
65383765326265623064613166376237353339386139393566646230326634613630353164303531
63626363313362343665613161653262333665623861653261643562623366343931363530333434
38396531666439646238656332363866376239306532386663346437373363383431613233393966
38623139383935303830
